natives_american_inuit = {
graphical_culture = inuitgfx
color = { 0 255  255 }
icon = 4

unit = native_indian_archer

provinces = {
# North America
972 973 974 975 976 977 978 979 992 993 994 995 996 997 998 999 1001 1002 1003 1004 1005
1006 1007 1008 1009 1010 1011 1805 1806 1807 1811 1812 1810 1813 1814 2131 2092 2086 3020
3019 3032 3034 3016 3015 3014 3013 3026 3027 3028 3029 3030 3033 1813 3035 3037 3036 3038
3046 3047 3048 2087 3040 3039 3045
# Greenland
1000 1104 1105 
1804 2088 2089 2090 2091 2093 2094 2145
}
}

natives_american_na = {
graphical_culture = northamericagfx
color = { 0 255  0 }
icon = 1

unit = native_indian_archer

provinces = {
# Other Bits of North America
835 867 868 869 870 871 872 873 874 875 876
877 878 879 880 881 882 883 884 885 886 887 888 889 890 891 892 893 894 895 896 897
898 899 900 901 902 903 904 905 906 907 908 909 910 911 912 913 914 915 916 917 918
919 920 921 922 923 924 925 926 927 928 929 930 931 932 933 934 935 936 937 938 939
940 941 942 943 944 945 946 947 948 949 950 951 952 953 954 955 956 957 958 959 960
961 962 963 964 965 966 967 968 969 3001 971 980 981 982 983 984 985 986 987 988 989
990 991 1808 1809 2144 2132 2133 2134 2135 2136 2137 3002 2139 2140 2141 2142 2094
2078 2081 2143 2145 2146 2949 2950 2988 2987 3021 3023 3021 3025 3010 3011 3012 3024
3017 3007 3008 3009 3005 3006 3022 3062 2974 2977 2980 2993 2994 2996 2997 3003 2963
2966 2965 2964 2968 2969 2967 2970 2971 2972 2973 2976 2975 2978 2979 2982 2981 2992
2989 2990 2991 2995 2998 970 2999 3000 2138 2926 2927 3053 2929 2928 3050 3051 3052
3054 3041 3042 3043 2091 3044 3049 2956 2952 2953 2985 2984 2986 2983 2960 2959 2958
2957 2961 2962 2936 2937 2939 2940 3056 3057 3058 3059 3060 2085 2946 2947 2943 2948
2951 2954 2955 3061 3062 2941 2938 2942 2945 2944 3004 3018 3055 2935 2934 2933 2932
2930 2931 2922 2923 2924 2925
2079 2080 2082 2083 2084
}
}

natives_american_ma = {
graphical_culture = southamericagfx
color = { 255  255  0 }
icon = 5

unit = native_indian_archer

provinces = {
# Mesoamerican
858 857 856 855 854 2655 852 853 848 850 849 847 844 845 846 843 842 841 840 839 838
837 836 861 864 863 862 865 866 859 860 2915 2661 2919 2913 2918 2916 2920 2658 2659
2654 851 2660 2653 2648 2646 2645 2644 2640 2637 2635 2641 2634 2632 2642 2630 2663
2662 2656 2650 2651 2647 2649 2652 2643 2639 2638 2636 2633 2657 2628 2629 2631 2627
2710 2917 2914
}
}

natives_american_sa = {
graphical_culture = southamericagfx
color = { 255  0  0 }
icon = 6

unit = native_indian_archer

provinces = {
# The Carribean
481 482 483 484 485 486 487 488 489 490 491 492 493 494 495 496 497 498 499 500 501
502 1881 2624 2625 2626 2622 2623

# South American
741 2830 743 744 2826 746 747 748 749 2811 751 752 753 2813 754 756 757 758 759 760 761
762 763 764 765 766 768 769 772 773 776 2777 2769 778 779 2748 2747 782
783 784 785 2752 787 790 791 792 1742 794 2738 796 2740 1170 799 800 801 802 803
804 805 806 807 808 809 810 811 812 813 814 2067 816 817 818 819 820 821 822 823 824
825 826 827 828 829 830 831 832 834 1802 1803 1095 2002 2077
2828 742 2829 2712 2835 2834 2833 2832 2069 833 2836 2715 2716 2717 2713 2714 2711
2718 2719 2720 2723 2721 2724 2726 2725 2730 2729 2728 2741 2733 2732 2734 2736 2765
2766 2737 2743 793 2764 2763 2762 788 2761 2757 777 2760 2773 2772 2774 2770
2768 2771 771 2775 2776 2759 789 2744 2753 786 2758 2754 2751 781 780
2750 2755 2745 2746 2749 3063 2756 2767 2779 2785 2735 2778 770 2806 2814 2780
775 2071 2818 2800 2793 2784 2794
2781 2782 2783 2796 2795 2073 2788 2787 2786 2789 2790 767 2791 2801 2802 2072 2803
2809 2808 2807 2810 2797 2798 2799 2792 774 755 2812 2804 2815 2805 750 2816 2070
2817 2075 2827 2822 2074 2820 2821 745 2819 2831 795 797 798 2722 2727 815
2739 2731
#An Island
1095
2068 2076
}
}

natives_african = {
graphical_culture = africangfx
color = { 180  180  80 }
icon = 2

unit = african_spearmen

provinces = {
	#North africa
	334 335 336 337 338 339 340 341 342 343 344 345 346 347 348 349 350 351 352 353 354
	355 356 357 358 359 360 361 362 363 364 365 1751 1793 1794 1795 1882
	#Various Islands
	1096 1097 1098 1099 1100 1101 1102 1103 1792
	#Most of Africa
	1110 1111 1112 1113 1114 1115 1116 1117 1118 1119 1120 1121 1122 1123 1124 1125 1126
	1127 1128 1129 1130 1131 1132 1133 1134 1135 1136 1137 1138 1139 1140 1141 1142 1143
	1144 1145 1146 1147 1148 1149 1150 1151 1152 1153 1154 1155 1156 1157 1158 1159 1160
	1161 1162 1163 1164 1165 1166 1167 1168 1169 1170 1171 1172 1173 1174 1175 1176 1177
	1178 1179 1180 1181 1182 1183 1184 1185 1186 1187 1188 1189 1190 1191 1192 1193 1194
	1195 1196 1197 1198 1199 1200 1201 1202 1203 1204 1205 1206 1207 1208 1209 1210 1211
	1212 1213 1214 1215 1216 1217 1218 1219 1220 1221 1222 1223 1224 1225 1226 1227 1228
	1229 1230 1231 1232 1233 1234 1249 1796 1797 1798 1799 1800 1801
	
	2003 2004 2011 2015 2016 2021 2022 2023 2024 2025 2026 2027 2028 2029 2030 2031 2032 
	2033 2034 2035 2036 2037 2038 2039 2040 2041 2042 2043 2044 2045 2046 2047 2048 2049 
	2050 2051 2052 2053 2054 2055 2056 2057 2058 2059 2060 2061 2062 2063 2064 2065 2066 
	2123 2126 2127 2128 2129 2147 2150 2153 2157 2158 2159 2160 2161 2162 2163 2164 2165
	2166 2167 2168 2169 2170 2171 2172 2173 2305 2306 2307 2308 2309 2310 2311 2312 2313 
	2314 2315 2316 2317 2318 2319 2320 2321 2322 2323 2324 2325 2326 2327 2328 2329 2330 
	2331 2332 2333 2334 2335 2336 2337 2338 2339 2340 2341 2342 2343 2344 2345 2346 2347 
	2348 2349 2350 2351 2352 2353 2354 2355 2356 2357 2358 2359 2517 2518 2519 2520 2520
	2521 2522 2523 2524 2525 2526 2527 2565 2566 2567 2568 2569 2570 2571 2572 2573 2574 
	2575 2576 2577 2578 2579 2580 2581 2582 2583 2584 2585 2586 2587 2588 2589 2590 2591 
	2592 2593 2594 2595 2596 2597 2664 2665 2666 2667 2668 2669 2670 2671 2672 2673 2674 
	2675 2676 2677 2678 2679 2680 2681 2682 2683 2684 2685 2686 2687 2688 2689 2690 2691 
	2692 2693 2694 2695 2696 2697 2698 2699 2700 2701 2702 2703 2704 2705 2706 2707 2708 
	2709 2845 2846 2847 2848 2849 2850 2851 2852 2853 2854 2855 2856
}
}

natives_asian = {
graphical_culture = indiangfx
color = { 255  255  80 }
icon = 3

unit = east_asian_spearmen

provinces = {
# Middle east + central asia
377 378 379 380 381 382 383 384 385 386 387 388 2540 390 391 392 393 2275 395 396 397
398 399 400 401 402 403 404 2547 2273 407 408 409 410 411 412 413 414 415 416 417 2269
419 420 421 422 423 424 425 426 2295 428 429 2290 431 432 433 2300 435 2297 437 438 439
440 441 442 443 444 445 446 447 448 449 450 451 2177 453 454 455 456 457 458 2444 460
461 462 2260 464 465 466 467 468 469 470 471 472 473 474 475 476 477 478 479
# India
503 504 2186 506 507 2122 509 510 511 512 513 514 2200 2203 517 2198 519 520 521 522 523
524 525 526 527 528 529 530 2212 532 533 534 535 536 537 538 539 540 541 2224 2223 544
545 546 547 548 549 2206 550 552 2232 554 555 556 557 558 559 560 561 562 563 564 565
566 567 568 569 570 571 572 573 574 575 576 577 578 1946 1948 1949 2219
# South East Asia
579 580 581 582 583 584 585 586 587 588 589 590 2374 592 593 594 595 596 597 598 599
600 601 602 603 604 605 606 607 608 609 1016 611 612 616 614 615 2384 617 618 2402 620
621 622 623 624 625 2412 627 2413 628 630 631 632 633 634 2095 636 637 638 639 2418 641
642 643 644 645 646 647 648 649 650 651 652 653 654 655 656 657 658 659 660 661
# China and Places like that
662 2468 663 665 666 667 668 669 670 671 672 2487 674 2488 2453 2454 2457 679 680 2491 682
683 684 2498 686 1836 688 689 2499 691 2503 2505 694 695 692 697 698 699 700 701 2549 703
704 705 2459 707 708 709 710 711 712 713 2887 715 716 717 718 719 720 721 722 723 724
2555 726 2559 727 729 730 728 732 733 2512 735 736 737 738 739 2204 2564 1845 1816 2492
1838 1821 1822 1833 1824 1829 1840 1844 1817 1823 1815 
# Japan and the far east
1012 1013 1014 1015 2385 1017 1018 1019 1020 1021 1022 1023 1024 1025 1026 1027 1028
1029 1030 1031 1032 1847 1852 1843 1837 1835 1839 1832 1830 1825 1820 1819 1818 
# An Island 
1248
# Australia
1084 1085 1086 1087 1088 1089 1090 1091 1092 1093 1094
# New Zealand
1106 1107 1108 1109
# Islands and places like that
1235 1236 1237 1238 1239 1240 1241 1242 1243 1244 1245 1246
1986 1987 1988 1989 1990 1991 1992 1993 1994 1995 1996 1997
1998 1999
2008 2009 2095 2014 2019 2020 2096 2097 2098 2099 
2100 2101 2102 2103 2104 2105 2106 2107 2108 2109 2110 2111 2112 2113 2114 2115 2116 
2117 3089 3090 3091
}
}

natives_siberian = {
graphical_culture = inuitgfx
color = { 127  255  255 }
icon = 4

unit = mongolian_bow

provinces = {
18 32 369 313 315 370 371 480 1033 1034 1035 1036 1037 1038 1039 1040 1041 1042 1043 1044
1045 1046 1047 1048 1049 1050 1051 1052 1053 1054 1055 1056 1057 1058 1059 1060 1061
1062 1063 1064 1065 2898 1067 1068 1069 1070 1071 1072 1073 1074 1075 1076 1077 1078
1079 1080 1081 1082 1083 1776 1777 1780 1962  1964 1963 1955 1958 309 1781 1782 1783
2843 2900 2901 2841 2842 2894 2895 2897 2902 2896 2903 2899 2906 2907 2908 2910 2911 2904 2905 2912
1781 1782 1783 2005 2118 2119
}
}

