central_africa_trade={
	location=2032
	color={
40 138 97 	}
	inland=yes
	outgoing={
		name="congo"
		path={
			2043 1797 2059 2037 
		}
		control={
			3197.000000 498.000000 3168.000000 534.000000 3111.000000 550.000000 3092.000000 579.000000 3070.000000 598.000000 3048.000000 580.000000 3016.000000 560.000000 
		}
	}
	outgoing={
		name="zanzibar"
		path={
			2045 2064 1798 1202 
		}
		control={
			3268.000000 477.000000 3308.000000 501.000000 3334.000000 536.000000 3397.000000 552.000000 3426.000000 545.000000 
		}
	}
	members={
		1796 1797 1800 2027 2028 2032 2033 2034 2035 2036 2039 2042 2043 2045 2057 2058 2059 2064 2127 2129 2153 2158 2160 2161 2162 2163 2164 2172 2173 2669 2670 2846 2851 3143 
	}
}
california={
	location=871
	outgoing={
		name="mexico"
		path={
			1556 1555 1554 1552 1551 
		}
		control={
			849.000000 1492.000000 937.000000 1375.000000 1027.000000 1241.000000 1152.000000 1160.000000 
		}
	}
	outgoing={
		name="mississippi_river"
		path={
			872 873 2019 2020 2006 2008 903 902 900 895 2014 893 1507 
		}
		control={
			878.000000 1607.000000 896.000000 1634.000000 967.000000 1660.000000 1034.000000 1632.000000 1116.000000 1656.000000 1204.000000 1615.000000 1288.000000 1591.000000 1368.163940 1532.114014 1396.000000 1494.000000 1374.000000 1432.000000 1358.000000 1397.000000 1369.000000 1363.000000 
		}
	}
	outgoing={
		name="girin"
		path={
			1557 1684 1686 1685 1683 1668 1669 1440 1387 1980 1850 2106 2108 730 
		}
		control={
			809.000000 1602.000000 661.000000 1606.000000 431.000000 1626.000000 193.000000 1678.000000 47.000000 1653.000000 5530.000000 1599.000000 5269.000000 1402.000000 4826.000000 1380.000000 
		}
	}
	members={
		862 865 866 867 868 869 870 871 872 873 874 972 973 974 975 976 977 978 979 1808 1810 1814 2078 2079 2080 2081 2082 2083 2088 2091 2131 2143 2145 2919 2920 2921 2922 2923 2924 2925 2926 2927 2928 2929 3042 3043 3044 3045 3046 3047 3048 3049 3050 3051 3052 3053 3054 3055 
	}
}
rio_grande={
	location=2917
	outgoing={
		name="mississippi_river"
		path={
			1508 1507 
		}
		control={
			1252.000000 1328.000000 1264.000000 1305.000000 1301.000000 1295.000000 1343.000000 1322.000000 
		}
	}
	outgoing={
		name="mexico"
		path={
			1508 1509 2647 2646 
		}
		control={
			1224.000000 1289.000000 1232.000000 1228.000000 1259.000000 1197.000000 1253.000000 1152.000000 
		}
	}
	members={
		858 861 863 864 875 876 877 878 879 880 881 882 883 884 885 886 887 888 889 890 891 892 896 2084 2914 2915 2916 2917 2918 2930 2931 2932 2933 2934 2935 2936 2937 2938 2939 2940 2941 2942 2945 
	}
}
mississippi_river={
	location=1507
	outgoing={
		name="carribean_trade"
		path={
			1506 1505 1525 1516 
		}
		control={
			1494.000000 1317.000000 1541.000000 1254.000000 1607.000000 1231.000000 
		}
	}
	outgoing={
		name="ohio"
		path={
			921 2528 939 
		}
		control={
			1398.000000 1375.000000 1395.000000 1426.000000 1437.000000 1493.000000 
		}
	}
	members={
		1507 893 894 895 897 898 899 900 901 902 903 904 905 906 907 908 909 916 917 918 919 920 921 922 939 1809 2085 2132 2133 2134 2139 2144 2943 2944 2946 2947 2948 2951 2953 2954 2955 2956 2957 2958 2959 2962 3056 3057 3058 3059 3060 3061 
	}
}
ohio={
	location=940
	color={
129 214 238 	}
	outgoing={
		name="chesapeake_bay"
		path={
			948 2011 
		}
		control={
			1518.000000 1521.000000 1559.000000 1514.000000 1595.000000 1518.000000 1618.000000 1508.000000 1619.000000 1489.000000 1644.000000 1501.000000 
		}
	}
	outgoing={
		name="st_lawrence"
		path={
			946 991 
		}
		control={
			1486.000000 1543.000000 1528.000000 1580.000000 1565.000000 1595.000000 1574.000000 1608.000000 1597.000000 1612.000000 1652.000000 1646.000000 1701.000000 1677.000000 1730.000000 1708.000000 1779.000000 1726.000000 
		}
	}
	members={
		910 911 912 913 914 915 934 935 940 941 942 943 944 945 946 947 948 951 954 958 987 988 1001 1007 2140 2949 2950 2952 2960 2961 2978 2982 2983 2984 2985 2986 2987 2988 2989 3021 3022 3023 3025 
	}
}
mexico={
	location=1551
	outgoing={
		name="carribean_trade"
		path={
			847 848 1510 1511 1512 1518 1516 
		}
		control={
			1313.000000 1105.000000 1323.000000 1142.000000 1336.000000 1183.000000 1378.000000 1226.000000 1435.000000 1236.000000 1499.000000 1202.000000 1563.000000 1197.000000 1600.000000 1177.000000 1623.000000 1171.000000 1637.000000 1165.000000 
		}
	}
	outgoing={
		name="panama"
		path={
			1550 1549 1548 835 
		}
		control={
			1287.000000 1087.000000 1382.000000 1072.000000 1451.000000 1020.000000 1501.000000 986.000000 1537.000000 972.000000 1562.000000 994.000000 
		}
	}
	outgoing={
		name="nippon"
		path={
			1552 1554 1694 1693 1692 1601 1670 1669 1440 1391 1390 1376 
		}
		control={
			1152.000000 1160.000000 1027.000000 1241.000000 840.000000 1249.000000 627.000000 1237.000000 380.000000 1277.000000 124.000000 1299.000000 5507.000000 1389.000000 5269.000000 1402.000000 5082.000000 1307.000000 4953.000000 1296.000000 4877.000000 1175.000000 
		}
	}
	members={
		1551 841 842 844 845 847 848 849 850 851 852 853 854 855 856 857 859 860 2637 2638 2639 2640 2641 2642 2643 2644 2645 2646 2647 2648 2649 2650 2651 2652 2653 2654 2655 2656 2657 2658 2659 2660 2661 2662 2663 2913 
	}
}
lhasa={
	location=2454
	inland=yes
	outgoing={
		name="chengdu"
		path={
			695 696 697 701 709 707 
		}
		control={
			4263.000000 1132.000000 4319.000000 1162.000000 4360.000000 1168.000000 4389.000000 1144.000000 4408.000000 1137.000000 
		}
	}
	outgoing={
		name="kashmir"
		path={
			695 696 697 701 709 707 
		}
		control={
			4146.000000 1140.000000 4065.000000 1187.000000 4027.000000 1202.000000 4005.000000 1204.000000 3985.000000 1204.000000 
		}
	}
	members={
		554 557 562 565 676 705 706 1787 1788 2239 2243 2452 2453 2454 2455 2460 
	}
}
chengdu={
	location=679
	inland=yes
	outgoing={
		name="canton"
		path={
			695 696 697 701 709 707 
		}
		control={
			4466.000000 1092.000000 4487.000000 1059.000000 4534.000000 1047.000000 4563.000000 1034.000000 
		}
	}
	outgoing={
		name="xian"
		path={
			695 696 697 701 709 707 
		}
		control={
			4463.000000 1140.000000 4492.000000 1154.000000 4500.000000 1178.000000 4514.000000 1192.000000 4506.000000 1214.000000 
		}
	}
	members={
		582 583 587 588 660 661 673 675 677 678 679 680 2257 2258 2259 2372 2456 2457 2458 2464 2465 2466 2467 2488 2489 2491 
	}
}
canton={
	location=1371
	outgoing={
		name="malacca"
		path={
			1394 1367 1362 1361 
		}
		control={
			4611.000000 901.000000 4555.000000 789.000000 4459.000000 737.000000 4475.000000 665.000000 
		}
	}
	outgoing={
		name="hangzhou"
		path={
			1372 1824 684 
		}
		control={
			4640.000000 1012.000000 4686.000000 1065.000000 4715.000000 1135.000000 
		}
	}
	members={
		1371 613 616 662 663 664 665 666 667 668 672 674 738 1016 1840 2014 2383 2384 2385 2468 2469 2470 2471 2472 2473 2474 2475 2476 2485 2486 2487 2857 2858 
	}
}
oceania={
	location=1431
	outgoing={
		name="australia"
		path={
			1429 1412 
		}
		control={
			5429.000000 288.000000 5288.000000 286.000000 
		}
	}
	members={
		1423 1431 1106 1107 1108 1109 1235 1236 1238 1239 1240 1241 1242 1243 1244 1246 1986 1987 1988 1989 1990 1991 1992 1993 1994 1995 1997 2878 2879 2880 
	}
}
australia={
	location=1411
	outgoing={
		name="the_moluccas"
		path={
			1411 1407 1410 1409 1401 1357 
		}
		control={
			5110.000000 387.000000 5050.000000 485.000000 4941.000000 493.000000 4858.000000 550.000000 4781.000000 540.000000 
		}
	}
	members={
		1411 1084 1085 1086 1087 1088 1089 1090 1091 1092 1093 1094 1237 1790 1791 2096 2097 2098 2099 2100 2101 2102 2103 2104 2105 2106 2107 2108 2109 2110 2111 2112 2113 2114 2115 2116 2117 2870 2871 2872 2873 2874 2876 2877 
	}
}
girin={
	location=730
	color={
41 82 45 	}
	outgoing={
		name="nippon"
		path={
			1389 1373 684 
		}
		control={
			4795.000000 1381.000000 4804.000000 1355.000000 4810.000000 1315.000000 4833.000000 1271.000000 
		}
	}
	outgoing={
		name="beijing"
		path={
			1389 1373 684 
		}
		control={
			4753.000000 1376.000000 4694.000000 1361.000000 4667.000000 1327.000000 
		}
	}
	outgoing={
		name="siberia"
		path={
			2109 722 721 1057 1060 1062 1064 
		}
		control={
			4726.000000 1497.000000 4604.000000 1533.000000 4431.000000 1539.000000 4365.000000 1590.000000 
		}
	}
	members={
		724 725 727 728 729 730 731 732 734 1033 1034 1035 1036 1037 1038 1039 1040 1041 1042 1043 1044 1045 1046 1047 1048 1049 1050 1051 1052 1053 1058 1850 2514 2515 2552 2553 2554 2555 2556 2557 2558 2559 2560 2561 2562 2563 2564 2905 2906 2909 2910 2911 2912 
	}
}
siberia={
	location=1064
	inland=yes
	outgoing={
		name="kazan"
		path={
			1062 1064 480 479 472 475 1082 
		}
		control={
			4084.209961 1695.109985 3879.000000 1758.000000 3732.000000 1640.000000 3702.000000 1655.000000 3654.000000 1634.000000 
		}
	}
	outgoing={
		name="samarkand"
		path={
			480 478 477 1969 457 454 
		}
		control={
			4161.000000 1597.000000 4058.000000 1443.000000 3976.000000 1372.000000 3892.000000 1348.000000 
		}
	}
	members={
		479 480 1054 1055 1056 1057 1059 1060 1061 1062 1063 1064 1065 1067 1068 1069 1070 1071 1073 1074 1075 1076 1078 1080 1781 1782 1783 1966 2119 2449 2451 2843 2894 2895 2896 2897 2899 2900 2901 2902 2903 2904 2907 2908 
	}
}
nippon={
	location=1376
	outgoing={
		name="hangzhou"
		path={
			1389 1373 684 
		}
		control={
			4816.000000 1220.000000 4760.000000 1154.000000 
		}
	}
	members={
		1376 1012 1014 1017 1018 1019 1020 1021 1023 1024 1025 1026 1027 1028 1029 1030 1031 1032 1818 1819 1820 1825 1830 1832 1835 1837 1839 1843 1847 1852 2516 
	}
}
hangzhou={
	location=684
	outgoing={
		name="xian"
		path={
			686 687 1836 689 698 706 707 
		}
		control={
			4647.000000 1156.000000 4619.000000 1147.000000 4590.000000 1161.000000 4555.000000 1177.000000 4537.000000 1189.000000 4527.000000 1216.000000 
		}
	}
	outgoing={
		name="beijing"
		path={
			684 1373 1374 1375 
		}
		control={
			4716.000000 1167.000000 4726.000000 1278.000000 4680.000000 1298.000000 
		}
	}
	outgoing={
		name="malacca"
		path={
			1373 1392 1393 1395 1368 1360 1361 
		}
		control={
			4735.000000 1140.000000 4739.000000 1094.000000 4723.000000 1053.000000 4669.000000 934.000000 4651.000000 849.000000 4583.000000 774.000000 4518.000000 688.000000 4471.000000 646.000000 
		}
	}
	members={
		669 670 671 681 682 684 683 685 686 687 1015 1821 1822 1824 1829 1833 1838 2477 2478 2479 2480 2481 2482 2483 2484 2493 2494 2495 2496 2497 2498 
	}
}
xian={
	location=700
	inland=yes
	outgoing={
		name="yumen"
		path={
			695 696 697 701 709 707 
		}
		control={
			4472.000000 1234.000000 4437.000000 1244.000000 4416.000000 1269.000000 4395.000000 1291.000000 
		}
	}
	outgoing={
		name="beijing"
		path={
			695 696 697 701 709 707 
		}
		control={
			4536.000000 1234.000000 4565.000000 1240.000000 4597.000000 1244.000000 4605.000000 1279.000000 4620.000000 1311.000000 
		}
	}
	members={
		688 689 693 694 698 699 700 701 702 709 1836 2461 2462 2463 2490 2492 2503 2504 2505 2506 2507 2508 2549 
	}
}
beijing={
	location=1816
	outgoing={
		name="yumen"
		path={
			695 696 697 701 709 707 
		}
		control={
			4640.000000 1327.000000 4572.000000 1326.000000 4501.000000 1332.000000 4418.000000 1301.000000 
		}
	}
	members={
		690 691 692 695 696 697 703 704 722 723 726 733 735 736 737 1013 1816 1845 2019 2020 2499 2500 2501 2502 2509 2511 2510 2512 2513 2550 2551 
	}
}
philippines={
	location=1398
	outgoing={
		name="the_moluccas"
		path={
			1399 1357 
		}
		control={
			4695.000000 750.000000 4747.000000 728.000000 4769.000000 665.000000 4734.000000 619.000000 4747.330078 570.200012 
		}
	}
	outgoing={
		name="panama"
		path={
			1403 1434 1676 1734 1735 1736 1740 1741 1711 1708 1702 1547 1548 835 
		}
		control={
			4733.000000 789.000000 4791.000000 807.000000 4971.000000 769.000000 5185.000000 750.000000 5328.000000 758.000000 5554.000000 733.000000 5861.129883 818.669983 537.000000 822.000000 781.000000 795.000000 1011.000000 741.000000 1231.000000 754.000000 1437.000000 818.000000 1508.000000 921.000000 1563.000000 968.000000 
		}
	}
	members={
		1398 651 652 653 654 655 656 657 658 1996 2859 2860 2861 2862 2863 2864 
	}
}
the_moluccas={
	location=1357
	outgoing={
		name="malacca"
		path={
			1358 1360 
		}
		control={
			4669.000000 535.000000 4548.000000 575.000000 4489.000000 622.000000 
		}
	}
	members={
		1357 624 625 626 627 628 629 630 631 632 633 634 635 641 642 643 644 645 646 647 648 649 650 1245 1789 2095 2410 2411 2412 2413 2414 2415 2416 2427 2428 2429 2865 2866 2867 2868 2869 2875 
	}
}
gulf_of_siam={
	location=1365
	color={
84 152 93 	}
	outgoing={
		name="malacca"
		path={
			1364 1362 1361 
		}
		control={
			4403.000000 767.000000 4431.000000 709.000000 4446.000000 665.000000 
		}
	}
	members={
		1365 589 592 600 601 602 603 604 605 606 607 608 609 610 611 612 614 615 1022 1817 1823 1844 2375 2376 2377 2378 2379 2380 2381 2382 2386 2387 2388 2389 2390 2391 2392 2393 
	}
}
malacca={
	location=1361
	outgoing={
		name="ganges_delta"
		path={
			1348 1347 1345 1344 1343 
		}
		control={
			4329.000000 740.000000 4311.000000 813.000000 4279.000000 878.000000 4242.000000 943.000000 
		}
	}
	outgoing={
		name="zanzibar"
		path={
			1352 1624 1623 1621 1620 1617 1450 1448 
		}
		control={
			4470.000000 623.000000 4477.000000 580.000000 4429.000000 542.000000 4281.000000 536.000000 4159.000000 494.000000 3997.000000 488.000000 3866.000000 501.000000 3742.000000 517.000000 3615.000000 510.000000 
		}
	}
	members={
		1361 574 593 594 595 596 597 598 599 617 618 619 620 621 622 623 636 637 638 639 640 659 1998 1999 2008 2009 2394 2395 2396 2397 2398 2399 2400 2401 2402 2403 2404 2405 2406 2407 2408 2409 2417 2418 2419 2420 2421 2422 2423 2424 2425 2426 3089 3090 3091 
	}
}
yumen={
	location=707
	inland=yes
	outgoing={
		name="samarkand"
		path={
			713 1786 739 1785 452 1967 454 
		}
		control={
			4244.000000 1323.000000 4151.000000 1326.000000 4074.000000 1317.000000 4016.000000 1300.000000 3968.000000 1319.000000 3901.000000 1346.000000 3879.000000 1331.000000 
		}
	}
	members={
		707 708 710 711 712 713 714 715 716 717 718 719 720 721 1784 1786 2446 2459 2881 2882 2883 2884 2885 2886 2887 2888 2889 2890 2891 2892 2893 2898 
	}
}
kashmir={
	location=2122
	color={
63 150 30 	}
	inland=yes
	outgoing={
		name="samarkand"
		path={
			578 451 450 453 454 
		}
		control={
			3919.000000 1218.000000 3896.000000 1233.000000 3877.000000 1239.000000 3854.000000 1270.000000 
		}
	}
	outgoing={
		name="doab"
		path={
			578 451 450 453 454 
		}
		control={
			3990.000000 1172.000000 4012.000000 1154.000000 4020.000000 1135.000000 4026.000000 1105.000000 
		}
	}
	members={
		448 452 508 509 511 578 739 1785 2122 2177 2178 2179 2180 2181 2182 2189 
	}
}
doab={
	location=524
	inland=yes
	outgoing={
		name="goa"
		path={
			578 451 450 453 454 
		}
		control={
			4006.000000 1051.000000 4013.000000 1017.000000 3994.000000 967.000000 3982.000000 920.000000 
		}
	}
	outgoing={
		name="ganges_delta"
		path={
			578 451 450 453 454 
		}
		control={
			4045.000000 1081.000000 4080.000000 1056.000000 4114.000000 1062.000000 4170.000000 1050.000000 
		}
	}
	members={
		510 512 519 520 522 523 524 525 550 556 555 558 559 2190 2191 2192 2193 2194 2195 2206 2234 2235 2236 2237 2238 2240 2241 2242 2244 
	}
}
ganges_delta={
	location=1343
	outgoing={
		name="comorin_cape"
		path={
			1342 1341 1340 
		}
		control={
			4126.000000 928.000000 4037.000000 783.500000 
		}
	}
	members={
		1343 547 549 551 552 553 560 561 563 564 566 567 568 570 571 573 579 580 581 584 585 586 590 591 1815 1950 2229 2230 2231 2232 2233 2245 2246 2247 2248 2249 2250 2251 2252 2253 2254 2255 2256 2370 2371 2373 2374 3093 
	}
}
comorin_cape={
	location=1340
	outgoing={
		name="gulf_of_aden"
		path={
			1615 1451 1331 
		}
		control={
			3925.000000 798.000000 3664.000000 832.000000 
		}
	}
	outgoing={
		name="goa"
		path={
			1339 1338 1337 504 
		}
		control={
			3976.030029 822.840027 3957.000000 868.000000 
		}
	}
	members={
		533 534 535 536 537 538 539 540 542 543 572 1101 1248 1947 1949 2215 2216 2217 2218 2219 2220 2221 2222 2223 2224 2228 1340 
	}
}
goa={
	location=531
	outgoing={
		name="gulf_of_aden"
		path={
			1615 1451 1331 
		}
		control={
			3861.000000 912.000000 3735.000000 882.000000 
		}
	}
	outgoing={
		name="indus"
		path={
			1339 1338 1337 504 
		}
		control={
			3938.000000 911.000000 3915.000000 969.000000 3856.000000 1016.000000 
		}
	}
	members={
		517 526 527 529 530 531 532 541 544 545 546 548 569 1946 1948 2203 2204 2205 2207 2208 2209 2210 2211 2212 2213 2214 2225 2226 2227 
	}
}
indus={
	location=504
	color={
135 104 85 	}
	outgoing={
		name="gulf_of_aden"
		path={
			1336 1333 1332 1331 
		}
		control={
			3809.000000 1011.000000 3760.000000 967.000000 3677.000000 901.000000 
		}
	}
	outgoing={
		name="samarkand"
		path={
			576 577 448 451 450 453 454 
		}
		control={
			3871.000000 1071.000000 3874.000000 1135.000000 3875.000000 1189.000000 3876.000000 1214.000000 3851.000000 1241.000000 3833.000000 1268.000000 
		}
	}
	outgoing={
		name="hormuz"
		path={
			576 
		}
		control={
			3826.000000 1050.000000 3768.000000 1049.000000 3704.000000 1062.000000 
		}
	}
	members={
		447 503 504 505 506 507 513 514 515 516 518 521 528 576 577 740 2183 2184 2185 2186 2187 2188 2196 2197 2198 2199 2200 2201 2202 
	}
}
gulf_of_aden={
	location=1331
	outgoing={
		name="zanzibar"
		path={
			1446 1447 1448 
		}
		control={
			3619.000000 810.000000 3602.000000 764.000000 3521.500000 652.000000 
		}
	}
	outgoing={
		name="alexandria"
		path={
			1330 1329 1328 361 358 
		}
		control={
			3519.000000 841.000000 3465.000000 874.500000 3370.000000 1051.000000 3329.000000 1110.000000 3317.000000 1130.000000 3304.000000 1146.000000 3284.000000 1143.000000 
		}
	}
	outgoing={
		name="hormuz"
		path={
			389 1779 395 1335 
		}
		control={
			3685.000000 923.000000 3744.000000 997.000000 3734.000000 1033.000000 3706.000000 1046.000000 3693.000000 1058.000000 
		}
	}
	outgoing={
		name="ethiopia"
		path={
			1330 1329 1328 361 358 
		}
		control={
			3565.000000 841.000000 3524.000000 831.000000 3486.000000 838.000000 3463.000000 835.000000 3429.000000 849.000000 
		}
	}
	members={
		386 387 388 389 390 391 401 402 1099 1205 1206 1208 1209 1212 1215 1230 2003 2147 2537 2538 2539 2540 2541 2542 2690 2691 2692 2693 2694 2695 2696 2697 2698 2699 2700 2701 2702 2703 2704 2705 2706 2707 1331 
	}
}
katsina={
	location=1149
	inland=yes
	outgoing={
		name="tunis"
		path={
			352 341 
		}
		control={
			2971.000000 873.000000 3018.000000 915.000000 3029.000000 974.000000 3032.000000 1090.000000 3011.000000 1169.000000 2956.000000 1204.000000 2963.000000 1250.000000 
		}
	}
	outgoing={
		name="timbuktu"
		path={
			352 341 
		}
		control={
			2865.000000 847.000000 2833.000000 880.000000 2802.000000 924.000000 
		}
	}
	outgoing={
		name="ethiopia"
		path={
			1127 346 344 345 
		}
		control={
			3029.000000 843.000000 3120.000000 854.000000 3206.000000 851.000000 3310.000000 838.000000 
		}
	}
	members={
		1144 1145 1146 1148 1149 1150 1152 1153 1154 1155 1156 1157 1158 1159 1160 1161 1162 1249 2041 2046 2048 2049 2053 2056 2065 2066 2157 2340 2341 2342 2343 2344 2345 2346 2350 2351 2353 2354 2355 2356 2357 2358 2594 3142 
	}
}
timbuktu={
	location=1132
	inland=yes
	outgoing={
		name="safi"
		path={
			1127 346 344 345 
		}
		control={
			2782.000000 993.000000 2787.000000 1131.000000 2741.000000 1163.000000 2661.000000 1131.000000 
		}
	}
	outgoing={
		name="ivory_coast"
		path={
			1141 1140 1143 1142 1794 
		}
		control={
			2797.000000 907.000000 2829.000000 854.000000 2806.000000 806.000000 2805.000000 757.000000 2797.000000 726.000000 
		}
	}
	members={
		1115 1116 1117 1120 1121 1123 1124 1129 1130 1131 1132 1133 1134 1135 1136 1137 1140 1142 1143 2305 2306 2307 2308 2309 2310 2312 2314 2315 2316 2317 2318 2319 2320 2321 2322 2323 2324 2325 2326 2327 2328 2329 2330 2334 2335 2336 2337 2338 2347 2348 2349 2352 
	}
}
ethiopia={
	location=1224
	inland=yes
	outgoing={
		name="alexandria"
		path={
			1330 1329 1328 361 358 
		}
		control={
			3360.000000 886.000000 3341.000000 940.000000 3325.000000 969.000000 3291.000000 947.000000 3288.000000 988.000000 3321.000000 1021.000000 3321.000000 1077.000000 3292.000000 1102.000000 3296.000000 1133.000000 
		}
	}
	members={
		1207 1210 1211 1213 1214 1216 1217 1218 1219 1220 1221 1222 1223 1224 1225 1226 1227 1229 2044 2047 2051 2593 2664 2665 2666 2667 2668 2671 2672 2673 2674 2675 2676 2677 2678 2679 2680 2681 2682 2683 2684 2685 2686 2687 2688 2689 
	}
}
hormuz={
	location=1334
	outgoing={
		name="basra"
		path={
			1334 1335 
		}
		control={
			3682.000000 1082.000000 3636.000000 1076.000000 
		}
	}
	members={
		1334 397 398 399 400 403 404 430 431 432 434 435 575 2291 2298 2299 2300 2301 2302 2303 2304 2543 3141 
	}
}
zanzibar={
	location=1448
	outgoing={
		name="cape_of_good_hope"
		path={
			1449 1456 1457 1458 1459 1460 
		}
		control={
			3492.000000 449.000000 3452.000000 374.500000 3388.000000 270.000000 3347.500000 175.000000 3233.000000 73.500000 
		}
	}
	members={
		1448 1100 1102 1103 1183 1184 1185 1186 1187 1188 1189 1190 1191 1192 1193 1194 1195 1196 1197 1198 1199 1200 1201 1202 1203 1204 1792 1798 1799 1900 2029 2030 2060 2150 2165 2166 2167 2708 2709 2850 2852 2853 2854 2855 2856 3145 3146 3147 
	}
}
cape_of_good_hope={
	location=1460
	outgoing={
		name="congo"
		path={
			1461 1462 1463 
		}
		control={
			3032.500000 172.000000 2973.000000 355.000000 
		}
	}
	outgoing={
		name="ivory_coast"
		path={
			1461 1462 1463 1464 1465 1466 
		}
		control={
			2996.000000 130.000000 2944.000000 285.000000 2834.000000 477.000000 2809.000000 632.000000 
		}
	}
	members={
		1460 1173 1174 1175 1176 1177 1178 1179 1180 1181 1182 1801 2021 2022 2023 2024 2025 2031 2126 2168 2169 2170 2572 2595 2596 2597 2847 2848 2849 
	}
}
basra={
	location=1335
	outgoing={
		name="aleppo"
		path={
			408 409 406 382 377 1317 1848 322 317 1320 
		}
		control={
			3543.000000 1159.000000 3508.000000 1168.000000 3486.030029 1200.569946 3438.000000 1222.000000 3416.000000 1242.000000 
		}
	}
	outgoing={
		name="persia"
		path={
			412 413 428 426 
		}
		control={
			3564.000000 1167.000000 3567.000000 1212.000000 3614.000000 1213.000000 
		}
	}
	members={
		1335 392 393 394 395 396 408 409 410 412 413 429 1779 2130 2275 2276 2277 2278 2279 2288 2289 2290 2532 2533 2534 2544 2545 
	}
}
samarkand={
	location=454
	inland=yes
	outgoing={
		name="persia"
		path={
			442 441 438 437 427 426 
		}
		control={
			3820.000000 1295.000000 3781.000000 1294.000000 3744.000000 1293.000000 3696.000000 1301.000000 3672.000000 1286.000000 3649.000000 1263.000000 
		}
	}
	outgoing={
		name="astrakhan"
		path={
			442 440 443 470 465 464 
		}
		control={
			3808.800049 1326.260010 3766.000000 1335.000000 3719.000000 1362.000000 3697.000000 1421.000000 3652.129883 1456.920044 3610.000000 1470.000000 
		}
	}
	members={
		440 441 442 444 445 446 449 450 451 453 454 455 456 457 458 459 460 461 471 472 476 477 478 1066 1967 1968 1969 1970 1973 2174 2175 2176 2430 2431 2432 2433 2434 2435 2439 2440 2441 2442 2443 2444 2445 2447 2448 2450 
	}
}
persia={
	location=426
	color={
204 119 31 	}
	inland=yes
	outgoing={
		name="aleppo"
		path={
			417 420 419 418 332 329 325 316 1320 
		}
		control={
			3602.000000 1308.000000 3554.000000 1317.000000 3515.000000 1303.000000 3496.000000 1271.000000 3466.000000 1268.000000 3414.000000 1256.000000 
		}
	}
	members={
		411 414 415 416 417 419 420 421 424 426 427 428 433 436 437 438 2148 2152 2280 2281 2282 2283 2284 2285 2286 2287 2292 2293 2294 2295 2296 2297 
	}
}
aleppo={
	location=377
	outgoing={
		name="constantinople"
		path={
			408 409 406 382 377 1317 1848 322 317 1320 
		}
		control={
			3364.000000 1259.000000 3337.000000 1248.000000 3275.000000 1246.000000 3246.000000 1259.000000 3226.000000 1267.000000 3217.000000 1283.000000 3206.000000 1292.000000 3208.000000 1316.000000 3228.000000 1332.000000 
		}
	}
	members={
		327 331 332 377 378 381 382 406 407 418 1849 1855 2267 2268 2269 2270 2271 2272 2273 2274 2366 2367 2368 2546 2547 2548 
	}
}
alexandria={
	location=358
	color={
200 200 102 	}
	outgoing={
		name="constantinople"
		path={
			362 363 1316 1932 318 317 1320 
		}
		control={
			3272.000000 1172.000000 3275.000000 1197.000000 3266.000000 1216.000000 3236.000000 1243.000000 3203.000000 1286.000000 3203.000000 1315.000000 3215.000000 1325.000000 3237.000000 1337.000000 
		}
	}
	outgoing={
		name="venice"
		path={
			1315 1318 145 1773 144 143 1310 1309 1308 
		}
		control={
			3253.000000 1183.000000 3216.000000 1220.000000 3160.000000 1229.000000 3130.000000 1251.000000 3108.000000 1291.000000 3100.000000 1332.000000 3080.500000 1356.000000 3031.000000 1383.000000 
		}
	}
	outgoing={
		name="genua"
		path={
			357 1314 1313 1306 1302 1303 1298 1297 
		}
		control={
			3239.500000 1153.500000 3180.000000 1204.000000 3093.000000 1203.000000 3017.500000 1244.500000 2977.000000 1288.000000 2967.000000 1347.000000 2935.000000 1348.000000 
		}
	}
	members={
		383 384 385 163 321 357 358 359 360 361 362 363 364 365 379 380 405 1228 1231 1232 1233 1234 1795 1854 2004 2054 2151 2517 2518 2519 2520 2521 2522 2523 2524 2525 2526 2527 2528 2529 2530 2531 2535 2536 
	}
}
astrakhan={
	location=464
	inland=yes
	outgoing={
		name="kazan"
		path={
			466 303 1081 1082 
		}
		control={
			3509.000000 1488.000000 3516.000000 1547.000000 3559.000000 1606.000000 
		}
	}
	outgoing={
		name="crimea"
		path={
			468 287 1323 
		}
		control={
			3486.000000 1439.000000 3417.000000 1425.000000 3342.000000 1405.000000 
		}
	}
	members={
		288 299 302 303 425 439 443 464 465 466 467 468 469 470 474 1971 2262 2263 2264 2436 2437 2438 2612 2613 2617 2618 2619 2620 
	}
}
crimea={
	location=1322
	color={
59 158 125 	}
	outgoing={
		name="kiev"
		path={
			284 282 281 280 
		}
		control={
			3307.169922 1429.410034 3297.000000 1470.000000 3290.000000 1506.000000 
		}
	}
	outgoing={
		name="constantinople"
		path={
			1322 1321 1320 
		}
		control={
			3314.000000 1403.000000 3279.000000 1379.500000 
		}
	}
	members={
		1323 284 285 286 287 330 422 423 462 463 1856 1974 1322 2124 2260 2261 2265 2266 2608 2609 2610 2611 2614 2615 2616 
	}
}
constantinople={
	location=1320
	color={
126 203 120 	}
	outgoing={
		name="ragusa"
		path={
			149 1765 1766 138 137 
		}
		control={
			3211.000000 1343.500000 3173.000000 1364.000000 3142.000000 1365.000000 3115.000000 1361.000000 
		}
	}
	members={
		1320 149 151 159 1765 150 164 316 317 318 319 320 322 323 324 325 326 328 329 1756 1764 1846 1848 2007 2012 2013 2125 2156 2360 2361 2362 2363 2364 2365 2369 2604 3116 
	}
}
kiev={
	location=280
	outgoing={
		name="novgorod"
		path={
			278 292 275 311 310 
		}
		control={
			3260.000000 1570.000000 3296.500000 1603.000000 3290.500000 1651.000000 3300.000000 1680.000000 
		}
	}
	outgoing={
		name="krakow"
		path={
			279 260 262 
		}
		control={
			3221.000000 1531.000000 3171.000000 1539.000000 
		}
	}
	members={
		270 272 276 278 279 280 281 282 283 289 290 291 292 297 298 300 1937 1941 1942 1943 1944 1945 2149 2606 2607 3115 
	}
}
kazan={
	location=1082
	inland=yes
	outgoing={
		name="novgorod"
		path={
			306 307 308 312 310 
		}
		control={
			3474.000000 1641.000000 3427.000000 1649.000000 3396.000000 1686.000000 3370.000000 1720.000000 
		}
	}
	members={
		301 304 305 306 307 473 475 1077 1079 1081 1082 1083 1753 1754 1778 1956 1957 1962 1965 1972 2621 2838 2839 2840 2841 2842 
	}
}
novgorod={
	location=33
	color={
97 126 37 	}
	outgoing={
		name="baltic_sea"
		path={
			34 36 1926 
		}
		control={
			3262.000000 1736.000000 3194.000000 1730.000000 3156.000000 1720.000000 
		}
	}
	outgoing={
		name="white_sea"
		path={
			1261 309 1652 
		}
		control={
			3372.500000 1863.000000 
		}
	}
	members={
		30 31 32 33 34 274 275 293 294 295 296 308 309 310 311 312 314 1752 1959 1960 1961 2605 2844 
	}
}
congo={
	location=1463
	outgoing={
		name="ivory_coast"
		path={
			1464 1465 1466 
		}
		control={
			2933.000000 610.000000 2916.500000 697.500000 
		}
	}
	members={
		1463 1165 1166 1167 1168 1169 1170 1171 1172 2026 2037 2038 2159 2171 2845 3144 
	}
}
bolivia={
	location=797
	outgoing={
		name="peru"
		path={
			1535 1534 1533 1532 1531 
		}
		control={
			1750.000000 591.000000 1722.000000 590.000000 1685.000000 574.000000 1607.000000 629.000000 
		}
	}
	outgoing={
		name="laplata"
		path={
			778 789 788 792 1542 1543 1544 
		}
		control={
			1812.000000 518.000000 1803.000000 451.000000 1822.000000 394.000000 1852.000000 375.000000 1854.000000 322.000000 1913.000000 282.000000 
		}
	}
	members={
		791 792 793 794 795 796 797 798 799 800 801 802 803 2732 2733 2734 2735 2736 2737 2738 2739 2740 2741 2742 2743 2765 2766 2785 
	}
}
patagonia={
	location=1538
	outgoing={
		name="peru"
		path={
			1535 1534 1533 1532 1531 
		}
		control={
			1797.000000 20.000000 1690.000000 43.000000 1650.000000 149.000000 1660.000000 379.000000 1631.000000 505.000000 1565.000000 598.000000 
		}
	}
	outgoing={
		name="laplata"
		path={
			778 789 788 792 1542 1543 1544 
		}
		control={
			1827.000000 154.000000 1903.000000 214.000000 
		}
	}
	members={
		780 781 782 783 784 785 787 1095 1538 2077 2745 2746 2747 2748 2749 2750 2751 2752 2753 2754 2755 3063 
	}
}
laplata={
	location=1536
	outgoing={
		name="brazil"
		path={
			1535 1534 1533 1532 1531 
		}
		control={
			2001.000000 329.000000 2074.000000 414.000000 2144.000000 481.000000 2213.000000 579.000000 
		}
	}
	members={
		770 771 772 773 776 777 778 779 786 788 789 790 1536 2744 2756 2757 2758 2759 2760 2761 2762 2763 2764 2767 2768 2769 2770 2771 2772 2773 2774 2775 2776 2777 2778 2779 2780 
	}
}
peru={
	location=1545
	outgoing={
		name="panama"
		path={
			1545 1546 1547 1548 835 
		}
		control={
			1537.000000 736.000000 1517.000000 799.000000 1544.000000 902.000000 1577.000000 975.000000 
		}
	}
	members={
		804 805 806 807 808 809 810 811 812 813 814 815 816 817 818 819 820 821 822 823 2002 2067 2713 2714 2718 2719 2720 2721 2722 2723 2724 2725 2726 2727 2728 2729 2730 2731 1544 1545 
	}
}
amazonas={
	location=2074
	outgoing={
		name="brazil"
		path={
			1584 1469 1470 
		}
		control={
			1926.000000 839.000000 1995.000000 846.000000 2056.000000 880.000000 2260.000000 800.000000 
		}
	}
	outgoing={
		name="carribean_trade"
		path={
			1584 1469 1470 
		}
		control={
			1807.000000 860.000000 1809.000000 902.000000 1751.000000 944.000000 1772.000000 994.000000 1720.000000 1016.000000 1698.000000 1070.000000 1643.000000 1114.000000 
		}
	}
	members={
		742 743 744 745 746 747 748 749 750 775 833 834 1802 1803 2068 2069 2070 2071 2072 2073 2074 2075 2076 2715 2716 2717 2786 2787 2788 2789 2790 2802 2803 2804 2816 2817 2818 2819 2820 2821 2822 2823 2824 2825 2826 2827 2830 2832 
	}
}
brazil={
	location=1531
	outgoing={
		name="ivory_coast"
		path={
			1584 1469 1470 
		}
		control={
			2369.000000 709.000000 2675.080078 625.960022 
		}
	}
	members={
		751 752 753 754 755 756 757 758 759 760 761 762 763 764 765 766 767 768 769 774 2781 2782 2783 2784 2791 2792 2793 2794 2795 2796 2797 2798 2799 2800 2801 2805 2806 2807 2808 2809 2810 2811 2812 2813 2814 2815 1531 
	}
}
ivory_coast={
	location=1466
	outgoing={
		name="carribean_trade"
		path={
			1467 1468 1579 1577 1576 1522 1520 1519 1517 1516 
		}
		control={
			2665.000000 665.000000 2407.000000 760.000000 2271.000000 882.000000 2120.000000 931.000000 1944.000000 1042.000000 1844.000000 1056.000000 1766.000000 1074.000000 1700.000000 1097.000000 1652.000000 1123.000000 
		}
	}
	outgoing={
		name="bordeaux"
		path={
			1467 1468 1470 1471 1566 1563 
		}
		control={
			2644.000000 714.000000 2521.000000 824.000000 2506.000000 1058.000000 2523.000000 1204.000000 2589.000000 1369.000000 
		}
	}
	outgoing={
		name="english_channel"
		path={
			1467 1468 1470 1471 1566 1563 
		}
		control={
			2655.000000 685.000000 2482.000000 799.000000 2451.000000 1080.000000 2434.000000 1282.000000 2580.000000 1436.000000 2758.000000 1507.000000 2811.000000 1522.000000 2845.000000 1549.000000 
		}
	}
	outgoing={
		name="sevilla"
		path={
			1467 1468 1470 1471 1566 1563 
		}
		control={
			2716.000000 717.000000 2660.000000 722.000000 2541.000000 833.000000 2519.000000 946.000000 2565.000000 1077.000000 2617.000000 1127.000000 2673.000000 1220.000000 
		}
	}
	members={
		1096 1097 1098 1112 1113 1114 1118 1119 1122 1125 1126 1138 1139 1141 1147 1151 1163 1164 2015 2016 2040 2123 2128 2311 2313 2331 2332 2333 2339 2359 1466 
	}
}
tunis={
	location=341
	color={
146 134 57 	}
	outgoing={
		name="sevilla"
		path={
			340 339 1301 1294 1293 
		}
		control={
			2927.000000 1239.000000 2892.000000 1249.000000 2856.000000 1284.500000 2777.000000 1247.500000 
		}
	}
	outgoing={
		name="genua"
		path={
			1302 1300 1297 
		}
		control={
			2941.000000 1280.000000 2914.500000 1317.500000 
		}
	}
	members={
		338 339 340 341 350 351 352 1882 126 353 354 355 356 1794 2052 2055 2577 2578 2579 2580 2581 2582 2583 2584 2585 2586 2587 2588 2589 2590 2591 2592 3140 
	}
}
ragusa={
	location=137
	outgoing={
		name="wien"
		path={
			139 140 1767 1864 135 134 
		}
		control={
			3098.000000 1388.000000 3100.000000 1407.000000 3092.000000 1428.000000 3086.000000 1456.000000 3067.000000 1468.000000 
		}
	}
	outgoing={
		name="venice"
		path={
			136 1308 
		}
		control={
			3065.000000 1381.000000 
		}
	}
	outgoing={
		name="genua"
		path={
			1310 1311 1307 1304 1303 1298 1297 
		}
		control={
			3101.000000 1349.000000 3096.500000 1299.000000 3055.000000 1269.000000 3041.500000 1303.000000 2984.000000 1338.000000 2950.000000 1390.500000 
		}
	}
	members={
		137 138 139 140 141 142 143 144 145 146 147 148 156 158 160 161 1766 1767 1773 1827 1831 1853 1951 1954 2121 2603 3117 
	}
}
safi={
	location=345
	outgoing={
		name="sevilla"
		path={
			342 1293 
		}
		control={
			2655.000000 1168.000000 2667.000000 1183.000000 2698.000000 1198.000000 2709.000000 1228.000000 
		}
	}
	members={
		336 337 342 343 344 345 346 347 348 349 366 368 1110 1111 1127 1128 1793 2011 2050 2061 2062 2063 2565 2566 2567 2568 2569 2570 2571 2573 2574 2575 2576 
	}
}
krakow={
	location=262
	inland=yes
	outgoing={
		name="wien"
		path={
			154 1772 134 
		}
		control={
			3110.000000 1518.000000 3098.000000 1506.000000 3083.000000 1495.000000 
		}
	}
	outgoing={
		name="saxony"
		path={
			263 264 1763 
		}
		control={
			3083.000000 1532.000000 3069.000000 1548.000000 3034.000000 1562.000000 
		}
	}
	outgoing={
		name="baltic_sea"
		path={
			258 255 1859 43 1927 1926 
		}
		control={
			3097.000000 1544.000000 3089.000000 1554.000000 3095.000000 1580.000000 3096.000000 1605.000000 3118.000000 1637.000000 
		}
	}
	members={
		162 258 259 260 261 262 263 264 268 269 277 1940 1952 256 257 1938 1939 254 255 2006 2154 2602 3094 3096 3097 3111 3112 3113 3114 
	}
}
wien={
	location=134
	color={
220 220 220 	}
	inland=yes
	outgoing={
		name="venice"
		path={
			132 128 1769 1308 
		}
		control={
			3026.000000 1470.000000 3028.000000 1456.000000 3021.000000 1442.000000 
		}
	}
	outgoing={
		name="rheinland"
		path={
			133 64 1757 67 66 79 1876 
		}
		control={
			3033.000000 1484.000000 3006.000000 1499.000000 2992.000000 1505.000000 2955.000000 1511.000000 2946.000000 1516.000000 
		}
	}
	outgoing={
		name="saxony"
		path={
			1770 267 266 1771 61 59 
		}
		control={
			3031.000000 1503.000000 3030.000000 1518.000000 3027.000000 1534.000000 
		}
	}
	members={
		64 65 67 68 71 76 128 132 133 134 135 152 153 154 155 157 265 1757 1768 1770 1772 1863 1864 1868 1872 1953 3100 3101 3102 3109 3110 
	}
}
saxony={
	location=59
	inland=yes
	outgoing={
		name="rheinland"
		path={
			62 63 79 81 1876 
		}
		control={
			3002.000000 1539.000000 2970.000000 1542.000000 2956.500000 1530.000000 
		}
	}
	outgoing={
		name="lubeck"
		path={
			58 52 51 46 45 
		}
		control={
			2990.000000 1555.000000 2991.000000 1578.000000 
		}
	}
	members={
		57 62 63 66 1758 1762 51 60 61 266 267 1759 1763 1771 52 58 59 3106 3107 3108 3118 3119 
	}
}
baltic_sea={
	location=1926
	color={
8 82 165 	}
	outgoing={
		name="lubeck"
		path={
			1255 1257 1925 45 
		}
		control={
			3089.000000 1696.000000 3072.000000 1648.000000 3044.000000 1636.000000 3015.000000 1620.000000 2984.000000 1605.000000 
		}
	}
	members={
		1926 1 2 3 4 5 1985 8 9 10 11 18 19 25 27 28 29 35 36 37 38 39 40 271 273 1834 1842 1930 1935 1936 41 42 43 1841 1859 2005 2155 2837 3098 3099 
	}
}
rheinland={
	location=1876
	color={
114 171 184 	}
	inland=yes
	outgoing={
		name="champagne"
		path={
			83 1760 80 188 187 186 
		}
		control={
			2928.000000 1531.000000 2915.000000 1541.000000 2902.500000 1543.500000 2881.500000 1535.500000 
		}
	}
	outgoing={
		name="lubeck"
		path={
			1762 57 53 1857 45 
		}
		control={
			2954.000000 1549.000000 2966.000000 1562.000000 2962.000000 1579.000000 2972.000000 1591.500000 
		}
	}
	members={
		56 69 70 72 74 75 77 78 79 80 81 82 83 84 85 86 165 188 189 1760 1761 1869 1870 1876 1878 1880 3104 3105 
	}
}
panama={
	location=835
	outgoing={
		name="carribean_trade"
		path={
			1515 1517 1516 
		}
		control={
			1586.000000 1044.000000 1607.000000 1125.000000 
		}
	}
	members={
		824 825 826 827 828 829 832 835 836 837 838 839 840 843 846 2627 2628 2629 2630 2631 2632 2633 2634 2635 2636 2710 2711 2836 
	}
}
carribean_trade={
	location=1516
	outgoing={
		name="chesapeake_bay"
		path={
			1524 1503 1502 1501 1500 
		}
		control={
			1649.000000 1207.000000 1619.000000 1236.000000 1604.000000 1280.000000 1606.000000 1312.000000 1587.000000 1389.000000 1635.000000 1447.000000 
		}
	}
	outgoing={
		name="bordeaux"
		path={
			488 490 1526 1575 1583 1580 1567 1563 
		}
		control={
			1654.000000 1189.000000 1698.000000 1202.000000 1886.000000 1224.000000 2174.000000 1266.000000 2338.000000 1345.000000 2497.000000 1381.000000 2659.000000 1429.000000 
		}
	}
	outgoing={
		name="sevilla"
		path={
			488 490 1526 1575 1583 1580 1567 1563 
		}
		control={
			1713.000000 1135.000000 1837.000000 1108.000000 1899.000000 1143.000000 2019.000000 1171.000000 2253.000000 1245.000000 2418.000000 1253.000000 2566.000000 1277.000000 
		}
	}
	members={
		1516 482 483 484 485 486 487 488 489 490 491 492 493 494 495 496 497 498 499 500 501 502 741 830 831 923 926 927 928 1881 2120 2622 2623 2624 2625 2626 2712 2828 2829 2831 2833 2834 2835 2963 2964 2965 2966 
	}
}
chesapeake_bay={
	location=1500
	color={
193 26 14 	}
	outgoing={
		name="st_lawrence"
		path={
			965 963 969 2012 986 1490 
		}
		control={
			1721.000000 1575.000000 1810.000000 1612.000000 1874.000000 1647.000000 1862.000000 1682.000000 1831.000000 1679.000000 
		}
	}
	outgoing={
		name="english_channel"
		path={
			1570 1572 1582 1568 1564 1563 
		}
		control={
			1738.000000 1507.000000 1814.000000 1395.000000 2063.000000 1401.000000 2229.000000 1472.000000 2452.000000 1507.000000 2620.000000 1516.000000 2730.000000 1512.000000 2817.000000 1531.000000 2850.000000 1566.000000 
		}
	}
	members={
		1500 481 924 925 929 930 931 932 933 936 937 938 949 950 952 953 955 956 957 962 963 965 966 967 968 969 970 2135 2136 2138 2146 2967 2968 2969 2970 2971 2972 2973 2974 2975 2976 2977 2979 2980 2981 2990 2991 2992 2993 2994 2995 2996 2997 3000 3001 3002 
	}
}
james_bay={
	location=1486
	outgoing={
		name="st_lawrence"
		path={
			1000 1002 992 993 990 994 1490 
		}
		control={
			1555.000000 1776.000000 1597.660034 1711.949951 1615.000000 1653.000000 1668.000000 1664.000000 1696.000000 1685.000000 1721.000000 1708.000000 1766.000000 1727.000000 1793.000000 1730.000000 
		}
	}
	members={
		1486 997 998 999 1000 1002 1003 1004 1005 1006 1008 1009 1010 1011 1104 1105 1804 1805 1806 1807 1811 1812 1813 2086 2087 2089 2090 2092 2093 2094 2141 2142 3019 3020 3027 3028 3029 3030 3031 3032 3033 3034 3035 3036 3037 3038 3039 3040 3041 3062 3092 
	}
}
st_lawrence={
	location=1490
	color={
193 192 14 	}
	outgoing={
		name="north_sea"
		path={
			1493 1496 1497 1498 1478 1476 1282 1975 
		}
		control={
			1873.000000 1718.000000 1906.000000 1756.000000 1952.000000 1779.000000 2050.000000 1772.000000 2577.000000 1737.000000 2696.139893 1734.630005 2763.000000 1737.000000 2781.000000 1703.000000 
		}
	}
	outgoing={
		name="bordeaux"
		path={
			1491 1494 1495 1565 1564 1479 1563 
		}
		control={
			1872.000000 1687.000000 1923.000000 1630.000000 2041.000000 1632.000000 2178.000000 1627.000000 2364.000000 1615.000000 2546.000000 1579.000000 2663.000000 1521.000000 2718.000000 1447.000000 
		}
	}
	members={
		1490 959 960 961 964 971 980 981 982 983 984 985 986 989 990 991 992 993 994 995 996 2137 2998 2999 3003 3004 3005 3006 3007 3008 3009 3010 3011 3012 3013 3014 3015 3016 3017 3018 3024 3026 
	}
}
white_sea={
	location=1652
	color={
210 46 28 	}
	outgoing={
		name="north_sea"
		path={
			1263 1264 1265 1929 1266 1975 
		}
		control={
			3453.000000 1897.000000 3447.000000 1948.000000 3339.000000 1992.000000 3187.000000 2034.000000 3076.000000 1993.000000 2987.000000 1944.000000 2942.000000 1864.000000 2862.000000 1790.000000 2868.000000 1711.000000 2847.000000 1660.000000 
		}
	}
	members={
		1652 313 1072 1755 1776 1777 1780 1955 1958 1963 1964 2118 
	}
}
north_sea={
	location=1975
	color={
117 165 188 	}
	outgoing={
		name="english_channel"
		path={
			1270 236 
		}
		control={
			2851.000000 1611.000000 
		}
	}
	outgoing={
		name="lubeck"
		path={
			1266 1267 1259 1258 1925 45 
		}
		control={
			2882.000000 1665.000000 2955.000000 1690.500000 2983.000000 1670.000000 2979.000000 1645.000000 2974.000000 1637.000000 2979.000000 1627.000000 2976.000000 1618.000000 2974.000000 1612.000000 2981.000000 1606.000000 
		}
	}
	members={
		1975 20 21 22 23 24 248 249 250 251 252 253 315 369 370 371 1978 1979 246 247 372 373 374 375 376 244 245 3088 
	}
}
lubeck={
	location=45
	color={
190 70 70 	}
	outgoing={
		name="english_channel"
		path={
			1857 44 1268 1269 1744 
		}
		control={
			2966.000000 1599.000000 2957.000000 1596.000000 2915.000000 1602.000000 2868.000000 1576.000000 
		}
	}
	members={
		6 12 13 14 15 16 17 26 44 45 46 47 50 53 54 55 1775 1857 1874 48 49 1858 1982 1981 1983 1984 7 1931 2017 3095 3120 3121 3122 
	}
}
bordeaux={
	location=1276
	color={
36 132 247 	}
	outgoing={
		name="champagne"
		path={
			1275 172 178 184 185 
		}
		control={
			2756.000000 1449.500000 2785.000000 1452.000000 2805.000000 1459.000000 2832.000000 1470.000000 
		}
	}
	members={
		1276 170 171 172 173 174 175 176 180 194 209 210 1745 169 178 179 190 195 196 198 199 
	}
}
champagne={
	location=186
	color={
193 26 14 	}
	inland=yes
	outgoing={
		name="genua"
		path={
			187 193 203 204 201 1297 
		}
		control={
			2891.000000 1487.000000 2893.000000 1450.000000 2878.000000 1435.000000 2882.000000 1409.500000 2880.500000 1385.500000 
		}
	}
	outgoing={
		name="english_channel"
		path={
			181 1866 92 1744 1269 
		}
		control={
			2862.000000 1510.000000 2858.000000 1532.000000 2865.000000 1540.000000 2871.000000 1550.000000 
		}
	}
	members={
		91 92 93 94 177 181 182 183 184 185 186 187 191 192 193 1742 1743 1866 1877 1879 2010 3103 
	}
}
sevilla={
	location=1293
	color={
57 160 101 	}
	outgoing={
		name="genua"
		path={
			223 222 221 1295 1296 1297 
		}
		control={
			2744.000000 1250.500000 2780.000000 1259.500000 2809.000000 1285.000000 2823.500000 1326.000000 2893.000000 1353.500000 
		}
	}
	members={
		206 207 208 1746 215 216 231 232 1293 217 218 219 221 222 223 224 225 226 227 228 229 230 334 335 367 1747 1748 1749 1751 1851 2599 2600 2601 3136 
	}
}
english_channel={
	location=1269
	color={
220 138 57 	}
	members={
		233 234 235 236 237 238 239 240 241 242 243 1860 1861 87 88 90 95 96 97 98 99 100 1744 1865 89 167 168 1269 1270 1271 1272 2018 
	}
	end=yes
}
genua={
	location=1297
	color={
218 215 56 	}
	members={
		1750 121 123 124 125 1297 101 102 103 127 197 200 201 202 204 205 211 212 213 214 220 333 1867 1871 1875 105 106 115 116 117 118 203 1247 2598 3123 3124 3125 3126 3131 3132 3133 3134 3135 3137 3138 3139 
	}
	end=yes
}
venice={
	location=1308
	color={
54 167 156 	}
	members={
		1308 73 104 107 108 109 110 111 112 113 114 129 130 131 136 166 1769 1774 1826 1862 1873 119 120 122 1933 1934 1828 3127 3128 3129 3130 
	}
	end=yes
}
